BASIC POSE FILTER GRID SEARCH

Tested: 512 parameter combinations
Score: average fraction of unfiltered position/rotation jump and drift remaining
Lower is better; STEP means the output often holds still and then jumps.

win  pos mm rot deg  smooth  wob mm jump mm drift mm wob deg jump deg drift deg   score  note
  7     7.0    1.00    0.80    0.00    3.74     4.70   0.594    1.633     2.658   0.313  STEP
  7     7.0    0.50    0.80    0.00    3.74     4.70   0.597    1.649     2.731   0.317  STEP
  7     7.0    0.00    0.80    0.00    3.74     4.70   0.600    1.650     2.731   0.317  STEP
  7     7.0    0.25    0.80    0.00    3.74     4.70   0.599    1.650     2.732   0.317  STEP
  7     6.0    1.00    0.80    0.00    3.83     4.87   0.594    1.633     2.658   0.318  STEP
  7     6.0    0.50    0.80    0.00    3.83     4.87   0.597    1.649     2.731   0.322  STEP
  7     6.0    0.00    0.80    0.00    3.83     4.87   0.600    1.650     2.731   0.322  STEP
  7     6.0    0.25    0.80    0.00    3.83     4.87   0.599    1.650     2.732   0.322  STEP
  3     7.0    1.00    0.80    0.00    4.95     4.71   0.817    2.009     2.567   0.325  STEP
  3     7.0    0.00    0.80    0.00    4.95     4.71   0.816    2.015     2.576   0.326  STEP
  3     7.0    0.25    0.80    0.00    4.95     4.71   0.816    2.015     2.576   0.326  STEP
  3     7.0    0.50    0.80    0.00    4.95     4.71   0.816    2.015     2.576   0.326  STEP
  7     5.0    1.00    0.80    0.04    3.94     5.16   0.594    1.633     2.658   0.326  STEP
  5     6.0    1.00    0.80    0.00    4.59     5.04   0.722    1.789     2.571   0.327  STEP
  5     6.0    0.50    0.80    0.00    4.59     5.04   0.714    1.789     2.603   0.328  STEP
  5     6.0    0.00    0.80    0.00    4.59     5.04   0.718    1.790     2.614   0.329  STEP
  5     6.0    0.25    0.80    0.00    4.59     5.04   0.716    1.790     2.614   0.329  STEP
  7     5.0    0.50    0.80    0.04    3.94     5.16   0.597    1.649     2.731   0.330  STEP
  7     5.0    0.00    0.80    0.04    3.94     5.16   0.600    1.650     2.731   0.330  STEP
  7     5.0    0.25    0.80    0.04    3.94     5.16   0.599    1.650     2.732   0.331  STEP
  3     6.0    1.00    0.80    0.66    5.09     4.89   0.817    2.009     2.567   0.331      
  3     6.0    0.00    0.80    0.66    5.09     4.89   0.816    2.015     2.576   0.331      
  3     6.0    0.25    0.80    0.66    5.09     4.89   0.816    2.015     2.576   0.331      
  3     6.0    0.50    0.80    0.66    5.09     4.89   0.816    2.015     2.576   0.331      
  7     4.0    1.00    0.80    0.91    3.99     5.35   0.594    1.633     2.658   0.332      
  5     7.0    1.00    0.80    0.00    4.52     5.31   0.722    1.789     2.571   0.333  STEP
  5     7.0    0.50    0.80    0.00    4.52     5.31   0.714    1.789     2.603   0.335  STEP
  3     5.0    1.00    0.80    1.51    5.09     5.07   0.817    2.009     2.567   0.335      
  5     7.0    0.00    0.80    0.00    4.52     5.31   0.718    1.790     2.614   0.335  STEP
  5     7.0    0.25    0.80    0.00    4.52     5.31   0.716    1.790     2.614   0.335  STEP
  1     6.0    0.50    0.80    2.16    5.98     4.92   1.117    2.470     2.344   0.335      
  1     6.0    0.25    0.80    2.16    5.98     4.92   1.117    2.470     2.344   0.335      
  1     6.0    0.00    0.80    2.16    5.98     4.92   1.117    2.470     2.344   0.335      
  7     4.0    0.50    0.80    0.91    3.99     5.35   0.597    1.649     2.731   0.336      
  7     4.0    0.00    0.80    0.91    3.99     5.35   0.600    1.650     2.731   0.336      
  7     4.0    0.25    0.80    0.91    3.99     5.35   0.599    1.650     2.732   0.336      
  3     5.0    0.00    0.80    1.51    5.09     5.07   0.816    2.015     2.576   0.336      
  3     5.0    0.25    0.80    1.51    5.09     5.07   0.816    2.015     2.576   0.336      
  3     5.0    0.50    0.80    1.51    5.09     5.07   0.816    2.015     2.576   0.336      
  1     7.0    0.50    0.80    1.90    6.05     4.93   1.117    2.470     2.344   0.336      
  1     7.0    0.25    0.80    1.90    6.05     4.93   1.117    2.470     2.344   0.336      
  1     7.0    0.00    0.80    1.90    6.05     4.93   1.117    2.470     2.344   0.336      
  1     6.0    1.00    0.80    2.16    5.98     4.92   1.114    2.471     2.360   0.336      
  1     7.0    1.00    0.80    1.90    6.05     4.93   1.114    2.471     2.360   0.337      
  5     5.0    1.00    0.80    0.84    4.61     5.44   0.722    1.789     2.571   0.337      
  7     3.0    1.00    0.80    1.19    4.09     5.56   0.594    1.633     2.658   0.338      
  5     5.0    0.50    0.80    0.84    4.61     5.44   0.714    1.789     2.603   0.339      
  5     5.0    0.00    0.80    0.84    4.61     5.44   0.718    1.790     2.614   0.339      
  5     5.0    0.25    0.80    0.84    4.61     5.44   0.716    1.790     2.614   0.339      
  1     3.0    0.50    0.80    2.11    5.91     5.15   1.117    2.470     2.344   0.341      
  1     3.0    0.25    0.80    2.11    5.91     5.15   1.117    2.470     2.344   0.341      
  1     3.0    0.00    0.80    2.11    5.91     5.15   1.117    2.470     2.344   0.341      
  1     5.0    0.50    0.80    2.14    6.00     5.13   1.117    2.470     2.344   0.341      
  1     5.0    0.25    0.80    2.14    6.00     5.13   1.117    2.470     2.344   0.341      
  1     5.0    0.00    0.80    2.14    6.00     5.13   1.117    2.470     2.344   0.341      
  1     3.0    1.00    0.80    2.11    5.91     5.15   1.114    2.471     2.360   0.341      
  1     4.0    0.50    0.80    2.12    5.94     5.17   1.117    2.470     2.344   0.342      
  1     4.0    0.25    0.80    2.12    5.94     5.17   1.117    2.470     2.344   0.342      
  1     4.0    0.00    0.80    2.12    5.94     5.17   1.117    2.470     2.344   0.342      
  7     2.0    1.00    0.80    1.20    4.11     5.70   0.594    1.633     2.658   0.342      
  1     2.0    0.50    0.80    2.10    5.91     5.18   1.117    2.470     2.344   0.342      
  1     2.0    0.25    0.80    2.10    5.91     5.18   1.117    2.470     2.344   0.342      
  1     2.0    0.00    0.80    2.10    5.91     5.18   1.117    2.470     2.344   0.342      
  7     3.0    0.50    0.80    1.19    4.09     5.56   0.597    1.649     2.731   0.342      
  7     3.0    0.00    0.80    1.19    4.09     5.56   0.600    1.650     2.731   0.342      
  1     5.0    1.00    0.80    2.14    6.00     5.13   1.114    2.471     2.360   0.342      
  7     3.0    0.25    0.80    1.19    4.09     5.56   0.599    1.650     2.732   0.342      
  1     4.0    1.00    0.80    2.12    5.94     5.17   1.114    2.471     2.360   0.342      
  1     2.0    1.00    0.80    2.10    5.91     5.18   1.114    2.471     2.360   0.342      
  1     0.0    0.50    0.80    2.11    5.90     5.22   1.117    2.470     2.344   0.343      
  1     0.0    0.25    0.80    2.11    5.90     5.22   1.117    2.470     2.344   0.343      
  1     0.0    0.00    0.80    2.11    5.90     5.22   1.117    2.470     2.344   0.343      
  1     1.0    0.50    0.80    2.11    5.91     5.23   1.117    2.470     2.344   0.343      
  1     1.0    0.25    0.80    2.11    5.91     5.23   1.117    2.470     2.344   0.343      
  1     1.0    0.00    0.80    2.11    5.91     5.23   1.117    2.470     2.344   0.343      
  3     4.0    1.00    0.80    1.61    5.08     5.37   0.817    2.009     2.567   0.343      
  7     1.0    1.00    0.80    1.21    4.09     5.76   0.594    1.633     2.658   0.343      
  7     0.0    1.00    0.80    1.20    4.09     5.77   0.594    1.633     2.658   0.343      
  3     4.0    0.00    0.80    1.61    5.08     5.37   0.816    2.015     2.576   0.343      
  3     4.0    0.25    0.80    1.61    5.08     5.37   0.816    2.015     2.576   0.343      
  3     4.0    0.50    0.80    1.61    5.08     5.37   0.816    2.015     2.576   0.343      
  1     0.0    1.00    0.80    2.11    5.90     5.22   1.114    2.471     2.360   0.343      
  1     1.0    1.00    0.80    2.11    5.91     5.23   1.114    2.471     2.360   0.344      
  5     4.0    1.00    0.80    1.36    4.62     5.70   0.722    1.789     2.571   0.344      
  5     4.0    0.50    0.80    1.36    4.62     5.70   0.714    1.789     2.603   0.346      
  7     2.0    0.50    0.80    1.20    4.11     5.70   0.597    1.649     2.731   0.346      
  7     2.0    0.00    0.80    1.20    4.11     5.70   0.600    1.650     2.731   0.346      
  7     2.0    0.25    0.80    1.20    4.11     5.70   0.599    1.650     2.732   0.346      
  5     4.0    0.00    0.80    1.36    4.62     5.70   0.718    1.790     2.614   0.346      
  5     4.0    0.25    0.80    1.36    4.62     5.70   0.716    1.790     2.614   0.346      
  3     3.0    1.00    0.80    1.59    5.11     5.52   0.817    2.009     2.567   0.347      
  7     1.0    0.50    0.80    1.21    4.09     5.76   0.597    1.649     2.731   0.347      
  7     1.0    0.00    0.80    1.21    4.09     5.76   0.600    1.650     2.731   0.347      
  7     1.0    0.25    0.80    1.21    4.09     5.76   0.599    1.650     2.732   0.347      
  7     0.0    0.50    0.80    1.20    4.09     5.77   0.597    1.649     2.731   0.347      
  7     0.0    0.00    0.80    1.20    4.09     5.77   0.600    1.650     2.731   0.347      
  7     0.0    0.25    0.80    1.20    4.09     5.77   0.599    1.650     2.732   0.347      
  3     3.0    0.00    0.80    1.59    5.11     5.52   0.816    2.015     2.576   0.347      
  3     3.0    0.25    0.80    1.59    5.11     5.52   0.816    2.015     2.576   0.347      
  3     3.0    0.50    0.80    1.59    5.11     5.52   0.816    2.015     2.576   0.347      
  3     2.0    1.00    0.80    1.59    5.14     5.62   0.817    2.009     2.567   0.350      
  5     3.0    1.00    0.80    1.35    4.64     5.94   0.722    1.789     2.571   0.350      
  3     2.0    0.00    0.80    1.59    5.14     5.62   0.816    2.015     2.576   0.350      
  3     2.0    0.25    0.80    1.59    5.14     5.62   0.816    2.015     2.576   0.350      
  3     2.0    0.50    0.80    1.59    5.14     5.62   0.816    2.015     2.576   0.350      
  3     1.0    1.00    0.80    1.61    5.13     5.69   0.817    2.009     2.567   0.351      
  3     0.0    1.00    0.80    1.61    5.13     5.69   0.817    2.009     2.567   0.351      
  5     3.0    0.50    0.80    1.35    4.64     5.94   0.714    1.789     2.603   0.352      
  3     1.0    0.00    0.80    1.61    5.13     5.69   0.816    2.015     2.576   0.352      
  3     1.0    0.25    0.80    1.61    5.13     5.69   0.816    2.015     2.576   0.352      
  3     1.0    0.50    0.80    1.61    5.13     5.69   0.816    2.015     2.576   0.352      
  3     0.0    0.00    0.80    1.61    5.13     5.69   0.816    2.015     2.576   0.352      
  3     0.0    0.25    0.80    1.61    5.13     5.69   0.816    2.015     2.576   0.352      
  3     0.0    0.50    0.80    1.61    5.13     5.69   0.816    2.015     2.576   0.352      
  5     3.0    0.00    0.80    1.35    4.64     5.94   0.718    1.790     2.614   0.352      
  5     3.0    0.25    0.80    1.35    4.64     5.94   0.716    1.790     2.614   0.352      
  5     2.0    1.00    0.80    1.34    4.65     6.15   0.722    1.789     2.571   0.356      
  5     2.0    0.50    0.80    1.34    4.65     6.15   0.714    1.789     2.603   0.357      
  5     1.0    1.00    0.80    1.37    4.66     6.22   0.722    1.789     2.571   0.358      
  5     2.0    0.00    0.80    1.34    4.65     6.15   0.718    1.790     2.614   0.358      
  5     2.0    0.25    0.80    1.34    4.65     6.15   0.716    1.790     2.614   0.358      
  5     0.0    1.00    0.80    1.37    4.67     6.28   0.722    1.789     2.571   0.359      
  5     1.0    0.50    0.80    1.37    4.66     6.22   0.714    1.789     2.603   0.359      
  5     1.0    0.00    0.80    1.37    4.66     6.22   0.718    1.790     2.614   0.360      
  5     1.0    0.25    0.80    1.37    4.66     6.22   0.716    1.790     2.614   0.360      
  5     0.0    0.50    0.80    1.37    4.67     6.28   0.714    1.789     2.603   0.361      
  5     0.0    0.00    0.80    1.37    4.67     6.28   0.718    1.790     2.614   0.361      
  5     0.0    0.25    0.80    1.37    4.67     6.28   0.716    1.790     2.614   0.361      
  7     7.0    1.00    0.50    0.00    5.70     5.25   0.689    2.389     2.960   0.371  STEP
  7     5.0    1.00    0.50    0.00    5.77     5.37   0.689    2.389     2.960   0.375  STEP
  7     6.0    1.00    0.50    0.00    5.84     5.38   0.689    2.389     2.960   0.376  STEP
  7     7.0    0.00    0.50    0.00    5.70     5.25   0.697    2.424     3.114   0.380  STEP
  7     7.0    0.50    0.50    0.00    5.70     5.25   0.706    2.424     3.126   0.380  STEP
  7     4.0    1.00    0.50    0.34    5.71     5.69   0.689    2.389     2.960   0.383      
  7     5.0    0.00    0.50    0.00    5.77     5.37   0.697    2.424     3.114   0.383  STEP
  7     7.0    0.25    0.50    0.00    5.70     5.25   0.702    2.424     3.192   0.384  STEP
  7     5.0    0.50    0.50    0.00    5.77     5.37   0.706    2.424     3.126   0.384  STEP
  7     6.0    0.00    0.50    0.00    5.84     5.38   0.697    2.424     3.114   0.384  STEP
  7     6.0    0.50    0.50    0.00    5.84     5.38   0.706    2.424     3.126   0.385  STEP
  7     5.0    0.25    0.50    0.00    5.77     5.37   0.702    2.424     3.192   0.387  STEP
  7     6.0    0.25    0.50    0.00    5.84     5.38   0.702    2.424     3.192   0.388  STEP
  7     3.0    1.00    0.50    1.24    5.81     5.91   0.689    2.389     2.960   0.389      
  7     4.0    0.00    0.50    0.34    5.71     5.69   0.697    2.424     3.114   0.391      
  7     4.0    0.50    0.50    0.34    5.71     5.69   0.706    2.424     3.126   0.392      
  7     2.0    1.00    0.50    1.51    5.77     6.10   0.689    2.389     2.960   0.394      
  7     4.0    0.25    0.50    0.34    5.71     5.69   0.702    2.424     3.192   0.395      
  7     1.0    1.00    0.50    1.51    5.74     6.16   0.689    2.389     2.960   0.395      
  7     0.0    1.00    0.50    1.51    5.74     6.23   0.689    2.389     2.960   0.397      
  5     6.0    1.00    0.50    0.00    6.78     5.51   0.894    2.705     3.053   0.397  STEP
  7     3.0    0.00    0.50    1.24    5.81     5.91   0.697    2.424     3.114   0.397      
  7     3.0    0.50    0.50    1.24    5.81     5.91   0.706    2.424     3.126   0.398      
  5     7.0    1.00    0.50    0.00    6.84     5.57   0.894    2.705     3.053   0.399  STEP
  5     6.0    0.50    0.50    0.00    6.78     5.51   0.875    2.713     3.125   0.401  STEP
  5     5.0    1.00    0.50    0.00    6.79     5.66   0.894    2.705     3.053   0.401  STEP
  7     3.0    0.25    0.50    1.24    5.81     5.91   0.702    2.424     3.192   0.401      
  3     7.0    1.00    0.50    0.00    7.39     5.29   1.089    3.138     3.013   0.402  STEP
  7     2.0    0.00    0.50    1.51    5.77     6.10   0.697    2.424     3.114   0.402      
  5     6.0    0.00    0.50    0.00    6.78     5.51   0.874    2.710     3.159   0.402  STEP
  5     6.0    0.25    0.50    0.00    6.78     5.51   0.874    2.711     3.159   0.402  STEP
  5     7.0    0.50    0.50    0.00    6.84     5.57   0.875    2.713     3.125   0.402  STEP
  7     2.0    0.50    0.50    1.51    5.77     6.10   0.706    2.424     3.126   0.402      
  3     7.0    0.50    0.50    0.00    7.39     5.29   1.091    3.145     3.031   0.403  STEP
  7     1.0    0.00    0.50    1.51    5.74     6.16   0.697    2.424     3.114   0.403      
  3     7.0    0.25    0.50    0.00    7.39     5.29   1.092    3.142     3.051   0.404  STEP
  3     7.0    0.00    0.50    0.00    7.39     5.29   1.092    3.142     3.051   0.404  STEP
  3     6.0    1.00    0.50    0.17    7.49     5.34   1.089    3.138     3.013   0.404      
  7     1.0    0.50    0.50    1.51    5.74     6.16   0.706    2.424     3.126   0.404      
  5     7.0    0.00    0.50    0.00    6.84     5.57   0.874    2.710     3.159   0.404  STEP
  5     7.0    0.25    0.50    0.00    6.84     5.57   0.874    2.711     3.159   0.404  STEP
  5     5.0    0.50    0.50    0.00    6.79     5.66   0.875    2.713     3.125   0.404  STEP
  3     6.0    0.50    0.50    0.17    7.49     5.34   1.091    3.145     3.031   0.405      
  7     0.0    0.00    0.50    1.51    5.74     6.23   0.697    2.424     3.114   0.405      
  7     0.0    0.50    0.50    1.51    5.74     6.23   0.706    2.424     3.126   0.406      
  3     6.0    0.25    0.50    0.17    7.49     5.34   1.092    3.142     3.051   0.406      
  3     6.0    0.00    0.50    0.17    7.49     5.34   1.092    3.142     3.051   0.406      
  7     2.0    0.25    0.50    1.51    5.77     6.10   0.702    2.424     3.192   0.406      
  5     5.0    0.00    0.50    0.00    6.79     5.66   0.874    2.710     3.159   0.406  STEP
  5     5.0    0.25    0.50    0.00    6.79     5.66   0.874    2.711     3.159   0.406  STEP
  7     1.0    0.25    0.50    1.51    5.74     6.16   0.702    2.424     3.192   0.407      
  3     5.0    1.00    0.50    1.06    7.59     5.47   1.089    3.138     3.013   0.408      
  3     5.0    0.50    0.50    1.06    7.59     5.47   1.091    3.145     3.031   0.409      
  7     0.0    0.25    0.50    1.51    5.74     6.23   0.702    2.424     3.192   0.409      
  3     5.0    0.25    0.50    1.06    7.59     5.47   1.092    3.142     3.051   0.410      
  3     5.0    0.00    0.50    1.06    7.59     5.47   1.092    3.142     3.051   0.410      
  5     4.0    1.00    0.50    1.24    6.86     6.00   0.894    2.705     3.053   0.410      
  1     7.0    1.00    0.50    1.93    9.06     5.39   1.671    3.811     2.667   0.412      
  5     4.0    0.50    0.50    1.24    6.86     6.00   0.875    2.713     3.125   0.414      
  5     4.0    0.00    0.50    1.24    6.86     6.00   0.874    2.710     3.159   0.415      
  5     4.0    0.25    0.50    1.24    6.86     6.00   0.874    2.711     3.159   0.415      
  1     7.0    0.50    0.50    1.93    9.06     5.39   1.661    3.809     2.745   0.416      
  3     4.0    1.00    0.50    1.87    7.72     5.76   1.089    3.138     3.013   0.416      
  1     7.0    0.25    0.50    1.93    9.06     5.39   1.661    3.809     2.754   0.417      
  1     7.0    0.00    0.50    1.93    9.06     5.39   1.661    3.809     2.762   0.417      
  3     4.0    0.50    0.50    1.87    7.72     5.76   1.091    3.145     3.031   0.417      
  1     6.0    1.00    0.50    2.82    9.02     5.61   1.671    3.811     2.667   0.417      
  3     4.0    0.25    0.50    1.87    7.72     5.76   1.092    3.142     3.051   0.418      
  3     4.0    0.00    0.50    1.87    7.72     5.76   1.092    3.142     3.051   0.418      
  1     4.0    1.00    0.50    3.08    9.12     5.64   1.671    3.811     2.667   0.419      
  1     5.0    1.00    0.50    3.08    9.10     5.67   1.671    3.811     2.667   0.419      
  1     3.0    1.00    0.50    3.08    9.12     5.67   1.671    3.811     2.667   0.420      
  5     3.0    1.00    0.50    1.73    7.01     6.35   0.894    2.705     3.053   0.420      
  1     6.0    0.50    0.50    2.82    9.02     5.61   1.661    3.809     2.745   0.421      
  1     2.0    1.00    0.50    3.09    9.18     5.73   1.671    3.811     2.667   0.422      
  1     6.0    0.25    0.50    2.82    9.02     5.61   1.661    3.809     2.754   0.422      
  1     6.0    0.00    0.50    2.82    9.02     5.61   1.661    3.809     2.762   0.422      
  1     4.0    0.50    0.50    3.08    9.12     5.64   1.661    3.809     2.745   0.423      
  1     0.0    1.00    0.50    3.10    9.19     5.78   1.671    3.811     2.667   0.423      
  1     4.0    0.25    0.50    3.08    9.12     5.64   1.661    3.809     2.754   0.423      
  1     5.0    0.50    0.50    3.08    9.10     5.67   1.661    3.809     2.745   0.423      
  1     1.0    1.00    0.50    3.10    9.19     5.80   1.671    3.811     2.667   0.424      
  1     3.0    0.50    0.50    3.08    9.12     5.67   1.661    3.809     2.745   0.424      
  1     4.0    0.00    0.50    3.08    9.12     5.64   1.661    3.809     2.762   0.424      
  1     5.0    0.25    0.50    3.08    9.10     5.67   1.661    3.809     2.754   0.424      
  5     3.0    0.50    0.50    1.73    7.01     6.35   0.875    2.713     3.125   0.424      
  1     3.0    0.25    0.50    3.08    9.12     5.67   1.661    3.809     2.754   0.424      
  1     5.0    0.00    0.50    3.08    9.10     5.67   1.661    3.809     2.762   0.424      
  1     3.0    0.00    0.50    3.08    9.12     5.67   1.661    3.809     2.762   0.425      
  1     2.0    0.50    0.50    3.09    9.18     5.73   1.661    3.809     2.745   0.426      
  5     3.0    0.00    0.50    1.73    7.01     6.35   0.874    2.710     3.159   0.426      
  5     3.0    0.25    0.50    1.73    7.01     6.35   0.874    2.711     3.159   0.426      
  3     3.0    1.00    0.50    2.13    7.80     6.11   1.089    3.138     3.013   0.426      
  1     2.0    0.25    0.50    3.09    9.18     5.73   1.661    3.809     2.754   0.426      
  1     2.0    0.00    0.50    3.09    9.18     5.73   1.661    3.809     2.762   0.426      
  3     3.0    0.50    0.50    2.13    7.80     6.11   1.091    3.145     3.031   0.427      
  1     0.0    0.50    0.50    3.10    9.19     5.78   1.661    3.809     2.745   0.427      
  1     1.0    0.50    0.50    3.10    9.19     5.80   1.661    3.809     2.745   0.428      
  1     0.0    0.25    0.50    3.10    9.19     5.78   1.661    3.809     2.754   0.428      
  3     2.0    1.00    0.50    2.13    7.86     6.16   1.089    3.138     3.013   0.428      
  1     0.0    0.00    0.50    3.10    9.19     5.78   1.661    3.809     2.762   0.428      
  1     1.0    0.25    0.50    3.10    9.19     5.80   1.661    3.809     2.754   0.428      
  3     3.0    0.25    0.50    2.13    7.80     6.11   1.092    3.142     3.051   0.428      
  3     3.0    0.00    0.50    2.13    7.80     6.11   1.092    3.142     3.051   0.428      
  5     2.0    1.00    0.50    1.73    6.97     6.67   0.894    2.705     3.053   0.428      
  3     0.0    1.00    0.50    2.12    7.86     6.18   1.089    3.138     3.013   0.428      
  1     1.0    0.00    0.50    3.10    9.19     5.80   1.661    3.809     2.762   0.428      
  3     1.0    1.00    0.50    2.12    7.86     6.20   1.089    3.138     3.013   0.429      
  3     2.0    0.50    0.50    2.13    7.86     6.16   1.091    3.145     3.031   0.429      
  3     0.0    0.50    0.50    2.12    7.86     6.18   1.091    3.145     3.031   0.429      
  5     1.0    1.00    0.50    1.74    6.97     6.72   0.894    2.705     3.053   0.429      
  3     2.0    0.25    0.50    2.13    7.86     6.16   1.092    3.142     3.051   0.430      
  3     2.0    0.00    0.50    2.13    7.86     6.16   1.092    3.142     3.051   0.430      
  3     1.0    0.50    0.50    2.12    7.86     6.20   1.091    3.145     3.031   0.430      
  3     0.0    0.25    0.50    2.12    7.86     6.18   1.092    3.142     3.051   0.430      
  3     0.0    0.00    0.50    2.12    7.86     6.18   1.092    3.142     3.051   0.430      
  5     0.0    1.00    0.50    1.73    7.00     6.76   0.894    2.705     3.053   0.431      
  3     1.0    0.25    0.50    2.12    7.86     6.20   1.092    3.142     3.051   0.431      
  3     1.0    0.00    0.50    2.12    7.86     6.20   1.092    3.142     3.051   0.431      
  5     2.0    0.50    0.50    1.73    6.97     6.67   0.875    2.713     3.125   0.432      
  5     1.0    0.50    0.50    1.74    6.97     6.72   0.875    2.713     3.125   0.433      
  5     2.0    0.00    0.50    1.73    6.97     6.67   0.874    2.710     3.159   0.433      
  5     2.0    0.25    0.50    1.73    6.97     6.67   0.874    2.711     3.159   0.433      
  5     0.0    0.50    0.50    1.73    7.00     6.76   0.875    2.713     3.125   0.434      
  5     1.0    0.00    0.50    1.74    6.97     6.72   0.874    2.710     3.159   0.435      
  5     1.0    0.25    0.50    1.74    6.97     6.72   0.874    2.711     3.159   0.435      
  5     0.0    0.00    0.50    1.73    7.00     6.76   0.874    2.710     3.159   0.436      
  5     0.0    0.25    0.50    1.73    7.00     6.76   0.874    2.711     3.159   0.436      
  7     5.0    1.00    0.25    0.00    9.55     5.36   0.346    4.019     3.208   0.446  STEP
  7     7.0    1.00    0.25    0.00    9.39     5.58   0.346    4.019     3.208   0.451  STEP
  7     6.0    1.00    0.25    0.00    9.78     5.49   0.346    4.019     3.208   0.451  STEP
  7     5.0    0.50    0.25    0.00    9.55     5.36   0.781    4.118     3.423   0.459  STEP
  7     4.0    1.00    0.25    0.00    9.48     5.89   0.346    4.019     3.208   0.459  STEP
  7     5.0    0.25    0.25    0.00    9.55     5.36   0.776    4.144     3.491   0.463  STEP
  7     7.0    0.50    0.25    0.00    9.39     5.58   0.781    4.118     3.423   0.463  STEP
  7     6.0    0.50    0.25    0.00    9.78     5.49   0.781    4.118     3.423   0.464  STEP
  7     5.0    0.00    0.25    0.00    9.55     5.36   0.786    4.128     3.525   0.464  STEP
  7     7.0    0.25    0.25    0.00    9.39     5.58   0.776    4.144     3.491   0.467  STEP
  7     6.0    0.25    0.25    0.00    9.78     5.49   0.776    4.144     3.491   0.468  STEP
  7     7.0    0.00    0.25    0.00    9.39     5.58   0.786    4.128     3.525   0.468  STEP
  7     6.0    0.00    0.25    0.00    9.78     5.49   0.786    4.128     3.525   0.469  STEP
  7     4.0    0.50    0.25    0.00    9.48     5.89   0.781    4.118     3.423   0.472  STEP
  7     3.0    1.00    0.25    0.00    9.74     6.39   0.346    4.019     3.208   0.474  STEP
  7     4.0    0.25    0.25    0.00    9.48     5.89   0.776    4.144     3.491   0.476  STEP
  7     4.0    0.00    0.25    0.00    9.48     5.89   0.786    4.128     3.525   0.477  STEP
  7     2.0    1.00    0.25    0.91    9.77     6.82   0.346    4.019     3.208   0.485      
  7     3.0    0.50    0.25    0.00    9.74     6.39   0.781    4.118     3.423   0.487  STEP
  7     3.0    0.25    0.25    0.00    9.74     6.39   0.776    4.144     3.491   0.491  STEP
  7     3.0    0.00    0.25    0.00    9.74     6.39   0.786    4.128     3.525   0.492  STEP
  7     1.0    1.00    0.25    1.63    9.93     7.16   0.346    4.019     3.208   0.495      
  5     6.0    1.00    0.25    0.00   10.77     5.96   0.741    4.481     3.534   0.496  STEP
  7     0.0    1.00    0.25    1.65    9.77     7.23   0.346    4.019     3.208   0.496      
  7     2.0    0.50    0.25    0.91    9.77     6.82   0.781    4.118     3.423   0.498      
  7     2.0    0.25    0.25    0.91    9.77     6.82   0.776    4.144     3.491   0.502      
  5     7.0    1.00    0.25    0.00   10.33     6.34   0.741    4.481     3.534   0.502  STEP
  5     6.0    0.50    0.25    0.00   10.77     5.96   0.989    4.581     3.643   0.503  STEP
  7     2.0    0.00    0.25    0.91    9.77     6.82   0.786    4.128     3.525   0.503      
  5     6.0    0.25    0.25    0.00   10.77     5.96   0.988    4.578     3.650   0.503  STEP
  5     6.0    0.00    0.25    0.00   10.77     5.96   0.984    4.574     3.664   0.504  STEP
  5     5.0    1.00    0.25    0.00   10.88     6.28   0.741    4.481     3.534   0.505  STEP
  7     7.0    1.00    0.10    0.00    9.81     5.48   0.000    6.350     3.476   0.506  STEP
  7     1.0    0.50    0.25    1.63    9.93     7.16   0.781    4.118     3.423   0.508      
  7     0.0    0.50    0.25    1.65    9.77     7.23   0.781    4.118     3.423   0.508      
  5     7.0    0.50    0.25    0.00   10.33     6.34   0.989    4.581     3.643   0.509  STEP
  5     7.0    0.25    0.25    0.00   10.33     6.34   0.988    4.578     3.650   0.510  STEP
  5     7.0    0.00    0.25    0.00   10.33     6.34   0.984    4.574     3.664   0.510  STEP
  7     1.0    0.25    0.25    1.63    9.93     7.16   0.776    4.144     3.491   0.512      
  7     6.0    1.00    0.10    0.00   10.55     5.47   0.000    6.350     3.476   0.512  STEP
  5     5.0    0.50    0.25    0.00   10.88     6.28   0.989    4.581     3.643   0.512  STEP
  7     0.0    0.25    0.25    1.65    9.77     7.23   0.776    4.144     3.491   0.512      
  5     5.0    0.25    0.25    0.00   10.88     6.28   0.988    4.578     3.650   0.512  STEP
  7     1.0    0.00    0.25    1.63    9.93     7.16   0.786    4.128     3.525   0.513      
  5     5.0    0.00    0.25    0.00   10.88     6.28   0.984    4.574     3.664   0.513  STEP
  7     0.0    0.00    0.25    1.65    9.77     7.23   0.786    4.128     3.525   0.514      
  5     4.0    1.00    0.25    0.00   11.13     6.59   0.741    4.481     3.534   0.515  STEP
  7     7.0    0.25    0.10    0.00    9.81     5.48   0.383    6.596     3.644   0.519  STEP
  7     7.0    0.50    0.10    0.00    9.81     5.48   0.145    6.554     3.701   0.521  STEP
  5     4.0    0.50    0.25    0.00   11.13     6.59   0.989    4.581     3.643   0.522  STEP
  5     4.0    0.25    0.25    0.00   11.13     6.59   0.988    4.578     3.650   0.522  STEP
  5     4.0    0.00    0.25    0.00   11.13     6.59   0.984    4.574     3.664   0.523  STEP
  7     6.0    0.25    0.10    0.00   10.55     5.47   0.383    6.596     3.644   0.525  STEP
  7     5.0    1.00    0.10    0.00   11.44     5.76   0.000    6.350     3.476   0.527  STEP
  7     6.0    0.50    0.10    0.00   10.55     5.47   0.145    6.554     3.701   0.527  STEP
  7     7.0    0.00    0.10    0.00    9.81     5.48   0.553    6.572     3.805   0.527  STEP
  3     7.0    0.50    0.25    0.00   12.63     5.89   1.385    5.452     3.587   0.529  STEP
  3     7.0    1.00    0.25    0.00   12.63     5.89   1.383    5.343     3.633   0.529  STEP
  3     7.0    0.25    0.25    0.00   12.63     5.89   1.386    5.426     3.623   0.530  STEP
  3     7.0    0.00    0.25    0.00   12.63     5.89   1.386    5.411     3.656   0.531  STEP
  7     6.0    0.00    0.10    0.00   10.55     5.47   0.553    6.572     3.805   0.532  STEP
  5     3.0    1.00    0.25    0.73   11.58     7.31   0.741    4.481     3.534   0.537      
  3     6.0    0.50    0.25    0.00   12.96     6.13   1.385    5.452     3.587   0.537  STEP
  3     6.0    1.00    0.25    0.00   12.96     6.13   1.383    5.343     3.633   0.538  STEP
  3     6.0    0.25    0.25    0.00   12.96     6.13   1.386    5.426     3.623   0.539  STEP
  7     5.0    0.25    0.10    0.00   11.44     5.76   0.383    6.596     3.644   0.539  STEP
  3     6.0    0.00    0.25    0.00   12.96     6.13   1.386    5.411     3.656   0.540  STEP
  7     5.0    0.50    0.10    0.00   11.44     5.76   0.145    6.554     3.701   0.542  STEP
  5     2.0    1.00    0.25    1.63   11.82     7.46   0.741    4.481     3.534   0.543      
  5     3.0    0.50    0.25    0.73   11.58     7.31   0.989    4.581     3.643   0.544      
  5     3.0    0.25    0.25    0.73   11.58     7.31   0.988    4.578     3.650   0.544      
  7     4.0    1.00    0.10    0.00   12.10     6.26   0.000    6.350     3.476   0.544  STEP
  5     3.0    0.00    0.25    0.73   11.58     7.31   0.984    4.574     3.664   0.545      
  7     5.0    0.00    0.10    0.00   11.44     5.76   0.553    6.572     3.805   0.547  STEP
  5     1.0    1.00    0.25    2.10   11.92     7.62   0.741    4.481     3.534   0.547      
  5     2.0    0.50    0.25    1.63   11.82     7.46   0.989    4.581     3.643   0.550      
  5     2.0    0.25    0.25    1.63   11.82     7.46   0.988    4.578     3.650   0.550      
  5     2.0    0.00    0.25    1.63   11.82     7.46   0.984    4.574     3.664   0.551      
  5     0.0    1.00    0.25    2.11   12.02     7.81   0.741    4.481     3.534   0.553      
  3     5.0    0.50    0.25    0.27   13.44     6.63   1.385    5.452     3.587   0.554      
  3     5.0    1.00    0.25    0.27   13.44     6.63   1.383    5.343     3.633   0.554      
  5     1.0    0.50    0.25    2.10   11.92     7.62   0.989    4.581     3.643   0.555      
  5     1.0    0.25    0.25    2.10   11.92     7.62   0.988    4.578     3.650   0.555      
  3     5.0    0.25    0.25    0.27   13.44     6.63   1.386    5.426     3.623   0.555      
  5     1.0    0.00    0.25    2.10   11.92     7.62   0.984    4.574     3.664   0.556      
  3     5.0    0.00    0.25    0.27   13.44     6.63   1.386    5.411     3.656   0.557      
  7     4.0    0.25    0.10    0.00   12.10     6.26   0.383    6.596     3.644   0.557  STEP
  3     4.0    0.50    0.25    0.98   13.51     6.78   1.385    5.452     3.587   0.558      
  3     4.0    1.00    0.25    0.98   13.51     6.78   1.383    5.343     3.633   0.559      
  7     4.0    0.50    0.10    0.00   12.10     6.26   0.145    6.554     3.701   0.559  STEP
  3     4.0    0.25    0.25    0.98   13.51     6.78   1.386    5.426     3.623   0.560      
  5     0.0    0.50    0.25    2.11   12.02     7.81   0.989    4.581     3.643   0.560      
  5     0.0    0.25    0.25    2.11   12.02     7.81   0.988    4.578     3.650   0.561      
  3     4.0    0.00    0.25    0.98   13.51     6.78   1.386    5.411     3.656   0.561      
  5     0.0    0.00    0.25    2.11   12.02     7.81   0.984    4.574     3.664   0.561      
  3     3.0    0.50    0.25    2.19   13.39     7.05   1.385    5.452     3.587   0.564      
  5     7.0    1.00    0.10    0.00   11.20     6.10   0.000    6.815     3.932   0.565  STEP
  3     3.0    1.00    0.25    2.19   13.39     7.05   1.383    5.343     3.633   0.565      
  7     4.0    0.00    0.10    0.00   12.10     6.26   0.553    6.572     3.805   0.565  STEP
  3     3.0    0.25    0.25    2.19   13.39     7.05   1.386    5.426     3.623   0.566      
  3     3.0    0.00    0.25    2.19   13.39     7.05   1.386    5.411     3.656   0.567      
  7     3.0    1.00    0.10    0.00   13.63     6.69   0.000    6.350     3.476   0.568  STEP
  3     2.0    0.50    0.25    2.91   13.34     7.27   1.385    5.452     3.587   0.570      
  3     2.0    1.00    0.25    2.91   13.34     7.27   1.383    5.343     3.633   0.570      
  3     2.0    0.25    0.25    2.91   13.34     7.27   1.386    5.426     3.623   0.571      
  3     2.0    0.00    0.25    2.91   13.34     7.27   1.386    5.411     3.656   0.572      
  3     1.0    0.50    0.25    2.92   13.33     7.39   1.385    5.452     3.587   0.573      
  3     0.0    0.50    0.25    2.93   13.27     7.42   1.385    5.452     3.587   0.573      
  3     1.0    1.00    0.25    2.92   13.33     7.39   1.383    5.343     3.633   0.573      
  3     0.0    1.00    0.25    2.93   13.27     7.42   1.383    5.343     3.633   0.573      
  3     1.0    0.25    0.25    2.92   13.33     7.39   1.386    5.426     3.623   0.574      
  5     7.0    0.50    0.10    0.00   11.20     6.10   0.493    7.114     4.015   0.574  STEP
  3     0.0    0.25    0.25    2.93   13.27     7.42   1.386    5.426     3.623   0.574      
  3     1.0    0.00    0.25    2.92   13.33     7.39   1.386    5.411     3.656   0.576      
  3     0.0    0.00    0.25    2.93   13.27     7.42   1.386    5.411     3.656   0.576      
  5     7.0    0.25    0.10    0.00   11.20     6.10   0.800    7.156     4.049   0.577  STEP
  5     7.0    0.00    0.10    0.00   11.20     6.10   0.964    7.194     4.065   0.578  STEP
  7     3.0    0.25    0.10    0.00   13.63     6.69   0.383    6.596     3.644   0.580  STEP
  1     7.0    0.50    0.25    2.14   15.39     6.48   2.627    6.817     3.432   0.582      
  1     7.0    1.00    0.25    2.14   15.39     6.48   2.602    6.789     3.446   0.582      
  1     7.0    0.25    0.25    2.14   15.39     6.48   2.628    6.817     3.442   0.583      
  1     7.0    0.00    0.25    2.14   15.39     6.48   2.628    6.817     3.442   0.583      
  7     3.0    0.50    0.10    0.00   13.63     6.69   0.145    6.554     3.701   0.583  STEP
  1     6.0    0.50    0.25    2.84   15.54     6.49   2.627    6.817     3.432   0.584      
  1     6.0    1.00    0.25    2.84   15.54     6.49   2.602    6.789     3.446   0.584      
  1     6.0    0.25    0.25    2.84   15.54     6.49   2.628    6.817     3.442   0.584      
  1     6.0    0.00    0.25    2.84   15.54     6.49   2.628    6.817     3.442   0.584      
  5     6.0    1.00    0.10    0.00   12.67     6.46   0.000    6.815     3.932   0.585  STEP
  7     3.0    0.00    0.10    0.00   13.63     6.69   0.553    6.572     3.805   0.588  STEP
  7     2.0    1.00    0.10    0.00   14.47     7.37   0.000    6.350     3.476   0.592  STEP
  5     5.0    1.00    0.10    0.00   13.93     6.43   0.000    6.815     3.932   0.595  STEP
  5     6.0    0.50    0.10    0.00   12.67     6.46   0.493    7.114     4.015   0.595  STEP
  1     5.0    0.50    0.25    3.82   15.74     6.87   2.627    6.817     3.432   0.595      
  1     5.0    1.00    0.25    3.82   15.74     6.87   2.602    6.789     3.446   0.595      
  1     5.0    0.25    0.25    3.82   15.74     6.87   2.628    6.817     3.442   0.596      
  1     5.0    0.00    0.25    3.82   15.74     6.87   2.628    6.817     3.442   0.596      
  5     6.0    0.25    0.10    0.00   12.67     6.46   0.800    7.156     4.049   0.597  STEP
  5     6.0    0.00    0.10    0.00   12.67     6.46   0.964    7.194     4.065   0.599  STEP
  1     2.0    0.50    0.25    4.98   16.07     7.09   2.627    6.817     3.432   0.603      
  1     2.0    1.00    0.25    4.98   16.07     7.09   2.602    6.789     3.446   0.603      
  1     3.0    0.50    0.25    5.04   16.11     7.08   2.627    6.817     3.432   0.603      
  1     4.0    0.50    0.25    4.64   16.11     7.09   2.627    6.817     3.432   0.603      
  1     0.0    0.50    0.25    5.05   16.05     7.10   2.627    6.817     3.432   0.603      
  1     3.0    1.00    0.25    5.04   16.11     7.08   2.602    6.789     3.446   0.604      
  1     4.0    1.00    0.25    4.64   16.11     7.09   2.602    6.789     3.446   0.604      
  1     2.0    0.25    0.25    4.98   16.07     7.09   2.628    6.817     3.442   0.604      
  1     2.0    0.00    0.25    4.98   16.07     7.09   2.628    6.817     3.442   0.604      
  1     0.0    1.00    0.25    5.05   16.05     7.10   2.602    6.789     3.446   0.604      
  1     3.0    0.25    0.25    5.04   16.11     7.08   2.628    6.817     3.442   0.604      
  1     3.0    0.00    0.25    5.04   16.11     7.08   2.628    6.817     3.442   0.604      
  1     4.0    0.25    0.25    4.64   16.11     7.09   2.628    6.817     3.442   0.604      
  1     4.0    0.00    0.25    4.64   16.11     7.09   2.628    6.817     3.442   0.604      
  1     0.0    0.25    0.25    5.05   16.05     7.10   2.628    6.817     3.442   0.604      
  1     0.0    0.00    0.25    5.05   16.05     7.10   2.628    6.817     3.442   0.604      
  1     1.0    0.50    0.25    5.01   16.06     7.12   2.627    6.817     3.432   0.604      
  1     1.0    1.00    0.25    5.01   16.06     7.12   2.602    6.789     3.446   0.604      
  5     5.0    0.50    0.10    0.00   13.93     6.43   0.493    7.114     4.015   0.604  STEP
  7     2.0    0.25    0.10    0.00   14.47     7.37   0.383    6.596     3.644   0.604  STEP
  1     1.0    0.25    0.25    5.01   16.06     7.12   2.628    6.817     3.442   0.604      
  1     1.0    0.00    0.25    5.01   16.06     7.12   2.628    6.817     3.442   0.604      
  7     1.0    1.00    0.10    0.31   14.97     7.77   0.000    6.350     3.476   0.606  STEP
  7     2.0    0.50    0.10    0.00   14.47     7.37   0.145    6.554     3.701   0.607  STEP
  5     5.0    0.25    0.10    0.00   13.93     6.43   0.800    7.156     4.049   0.607  STEP
  5     5.0    0.00    0.10    0.00   13.93     6.43   0.964    7.194     4.065   0.608  STEP
  7     2.0    0.00    0.10    0.00   14.47     7.37   0.553    6.572     3.805   0.612  STEP
  7     0.0    1.00    0.10    1.18   14.96     8.13   0.000    6.350     3.476   0.615  STEP
  7     1.0    0.25    0.10    0.31   14.97     7.77   0.383    6.596     3.644   0.619      
  5     4.0    1.00    0.10    0.00   15.63     6.89   0.000    6.815     3.932   0.620  STEP
  7     1.0    0.50    0.10    0.31   14.97     7.77   0.145    6.554     3.701   0.621      
  7     1.0    0.00    0.10    0.31   14.97     7.77   0.553    6.572     3.805   0.626      
  7     0.0    0.25    0.10    1.18   14.96     8.13   0.383    6.596     3.644   0.628      
  5     4.0    0.50    0.10    0.00   15.63     6.89   0.493    7.114     4.015   0.629  STEP
  7     0.0    0.50    0.10    1.18   14.96     8.13   0.145    6.554     3.701   0.630      
  5     4.0    0.25    0.10    0.00   15.63     6.89   0.800    7.156     4.049   0.632  STEP
  5     4.0    0.00    0.10    0.00   15.63     6.89   0.964    7.194     4.065   0.633  STEP
  7     0.0    0.00    0.10    1.18   14.96     8.13   0.553    6.572     3.805   0.635      
  3     7.0    1.00    0.10    0.00   15.51     6.18   0.955    8.374     4.073   0.636  STEP
  3     7.0    0.50    0.10    0.00   15.51     6.18   1.371    8.510     4.122   0.641  STEP
  5     3.0    1.00    0.10    0.00   16.99     7.45   0.000    6.815     3.932   0.645  STEP
  3     6.0    1.00    0.10    0.00   16.37     6.45   0.955    8.374     4.073   0.649  STEP
  3     7.0    0.25    0.10    0.00   15.51     6.18   1.621    8.705     4.248   0.650  STEP
  3     7.0    0.00    0.10    0.00   15.51     6.18   1.682    8.698     4.303   0.653  STEP
  3     6.0    0.50    0.10    0.00   16.37     6.45   1.371    8.510     4.122   0.654  STEP
  5     3.0    0.50    0.10    0.00   16.99     7.45   0.493    7.114     4.015   0.654  STEP
  5     3.0    0.25    0.10    0.00   16.99     7.45   0.800    7.156     4.049   0.657  STEP
  5     3.0    0.00    0.10    0.00   16.99     7.45   0.964    7.194     4.065   0.658  STEP
  3     6.0    0.25    0.10    0.00   16.37     6.45   1.621    8.705     4.248   0.664  STEP
  3     6.0    0.00    0.10    0.00   16.37     6.45   1.682    8.698     4.303   0.667  STEP
  5     2.0    1.00    0.10    0.00   17.87     8.10   0.000    6.815     3.932   0.668  STEP
  3     5.0    1.00    0.10    0.00   17.66     6.95   0.955    8.374     4.073   0.672  STEP
  3     5.0    0.50    0.10    0.00   17.66     6.95   1.371    8.510     4.122   0.677  STEP
  5     1.0    1.00    0.10    0.98   17.95     8.43   0.000    6.815     3.932   0.677  STEP
  5     2.0    0.50    0.10    0.00   17.87     8.10   0.493    7.114     4.015   0.678  STEP
  5     0.0    1.00    0.10    1.79   18.09     8.49   0.000    6.815     3.932   0.680  STEP
  5     2.0    0.25    0.10    0.00   17.87     8.10   0.800    7.156     4.049   0.680  STEP
  5     2.0    0.00    0.10    0.00   17.87     8.10   0.964    7.194     4.065   0.682  STEP
  3     5.0    0.25    0.10    0.00   17.66     6.95   1.621    8.705     4.248   0.687  STEP
  5     1.0    0.50    0.10    0.98   17.95     8.43   0.493    7.114     4.015   0.687      
  5     1.0    0.25    0.10    0.98   17.95     8.43   0.800    7.156     4.049   0.689      
  3     5.0    0.00    0.10    0.00   17.66     6.95   1.682    8.698     4.303   0.690  STEP
  5     0.0    0.50    0.10    1.79   18.09     8.49   0.493    7.114     4.015   0.690      
  5     1.0    0.00    0.10    0.98   17.95     8.43   0.964    7.194     4.065   0.691      
  5     0.0    0.25    0.10    1.79   18.09     8.49   0.800    7.156     4.049   0.692      
  3     4.0    1.00    0.10    0.00   18.70     7.44   0.955    8.374     4.073   0.693  STEP
  5     0.0    0.00    0.10    1.79   18.09     8.49   0.964    7.194     4.065   0.694      
  3     4.0    0.50    0.10    0.00   18.70     7.44   1.371    8.510     4.122   0.698  STEP
  3     4.0    0.25    0.10    0.00   18.70     7.44   1.621    8.705     4.248   0.708  STEP
  3     4.0    0.00    0.10    0.00   18.70     7.44   1.682    8.698     4.303   0.711  STEP
  3     3.0    1.00    0.10    1.37   19.74     7.99   0.955    8.374     4.073   0.715      
  3     3.0    0.50    0.10    1.37   19.74     7.99   1.371    8.510     4.122   0.720      
  3     2.0    1.00    0.10    1.95   20.70     8.19   0.955    8.374     4.073   0.728      
  3     3.0    0.25    0.10    1.37   19.74     7.99   1.621    8.705     4.248   0.730      
  3     3.0    0.00    0.10    1.37   19.74     7.99   1.682    8.698     4.303   0.733      
  3     2.0    0.50    0.10    1.95   20.70     8.19   1.371    8.510     4.122   0.733      
  3     0.0    1.00    0.10    3.66   20.78     8.54   0.955    8.374     4.073   0.738      
  3     1.0    1.00    0.10    3.20   20.71     8.62   0.955    8.374     4.073   0.739      
  3     0.0    0.50    0.10    3.66   20.78     8.54   1.371    8.510     4.122   0.743      
  3     2.0    0.25    0.10    1.95   20.70     8.19   1.621    8.705     4.248   0.743      
  3     1.0    0.50    0.10    3.20   20.71     8.62   1.371    8.510     4.122   0.744      
  3     2.0    0.00    0.10    1.95   20.70     8.19   1.682    8.698     4.303   0.745      
  3     0.0    0.25    0.10    3.66   20.78     8.54   1.621    8.705     4.248   0.752      
  3     1.0    0.25    0.10    3.20   20.71     8.62   1.621    8.705     4.248   0.754      
  3     0.0    0.00    0.10    3.66   20.78     8.54   1.682    8.698     4.303   0.755      
  3     1.0    0.00    0.10    3.20   20.71     8.62   1.682    8.698     4.303   0.757      
  1     7.0    1.00    0.10    2.10   20.21     7.16   3.371   11.111     4.481   0.767      
  1     7.0    0.00    0.10    2.10   20.21     7.16   4.015   11.303     4.566   0.775      
  1     7.0    0.25    0.10    2.10   20.21     7.16   3.992   11.305     4.594   0.776      
  1     7.0    0.50    0.10    2.10   20.21     7.16   3.909   11.272     4.647   0.779      
  1     6.0    1.00    0.10    3.04   22.08     7.59   3.371   11.111     4.481   0.793      
  1     6.0    0.00    0.10    3.04   22.08     7.59   4.015   11.303     4.566   0.801      
  1     6.0    0.25    0.10    3.04   22.08     7.59   3.992   11.305     4.594   0.802      
  1     6.0    0.50    0.10    3.04   22.08     7.59   3.909   11.272     4.647   0.804      
  1     5.0    1.00    0.10    4.36   23.43     7.77   3.371   11.111     4.481   0.808      
  1     5.0    0.00    0.10    4.36   23.43     7.77   4.015   11.303     4.566   0.816      
  1     5.0    0.25    0.10    4.36   23.43     7.77   3.992   11.305     4.594   0.817      
  1     5.0    0.50    0.10    4.36   23.43     7.77   3.909   11.272     4.647   0.819      
  1     4.0    1.00    0.10    4.91   25.29     8.21   3.371   11.111     4.481   0.834      
  1     4.0    0.00    0.10    4.91   25.29     8.21   4.015   11.303     4.566   0.842      
  1     4.0    0.25    0.10    4.91   25.29     8.21   3.992   11.305     4.594   0.843      
  1     4.0    0.50    0.10    4.91   25.29     8.21   3.909   11.272     4.647   0.845      
  1     3.0    1.00    0.10    5.95   26.40     8.55   3.371   11.111     4.481   0.852      
  1     3.0    0.00    0.10    5.95   26.40     8.55   4.015   11.303     4.566   0.859      
  1     2.0    1.00    0.10    7.03   26.58     8.79   3.371   11.111     4.481   0.859      
  1     3.0    0.25    0.10    5.95   26.40     8.55   3.992   11.305     4.594   0.861      
  1     3.0    0.50    0.10    5.95   26.40     8.55   3.909   11.272     4.647   0.863      
  1     2.0    0.00    0.10    7.03   26.58     8.79   4.015   11.303     4.566   0.867      
  1     1.0    1.00    0.10    7.96   26.55     9.11   3.371   11.111     4.481   0.867      
  1     2.0    0.25    0.10    7.03   26.58     8.79   3.992   11.305     4.594   0.869      
  1     2.0    0.50    0.10    7.03   26.58     8.79   3.909   11.272     4.647   0.871      
  1     0.0    1.00    0.10    8.06   26.81     9.18   3.371   11.111     4.481   0.871      
  1     1.0    0.00    0.10    7.96   26.55     9.11   4.015   11.303     4.566   0.875      
  1     1.0    0.25    0.10    7.96   26.55     9.11   3.992   11.305     4.594   0.876      
  1     1.0    0.50    0.10    7.96   26.55     9.11   3.909   11.272     4.647   0.879      
  1     0.0    0.00    0.10    8.06   26.81     9.18   4.015   11.303     4.566   0.879      
  1     0.0    0.25    0.10    8.06   26.81     9.18   3.992   11.305     4.594   0.880      
  1     0.0    0.50    0.10    8.06   26.81     9.18   3.909   11.272     4.647   0.882      

BEST NON-STEPPING PARAMETERS
  window:                    3
  position_dead_zone_m:      0.006
  rotation_dead_zone_deg:    1.00
  smoothing_time_s:          0.80
  score:                     0.331

Interpretation:
  This is the lowest non-stepping stability score in this recording.
  On a stationary recording, measured movement is filter error. On a moving
  recording, the score also includes real movement, so it is only a comparison.
  About 95% of a movement is covered in 3 x smoothing_time_s.
